0.5693
0.56922
0.56905
0.56885
0.56856
0.56826
0.56834
0.5686
0.56893
0.56919
0.56926
0.56903
0.56874
0.56831
0.56779
0.56707
0.56625
0.56537
0.56449
0.5638
0.56306
0.56254
0.56201
0.56168
0.5614
0.56126
0.56126
0.56128
0.56144
0.56146
0.56133
0.5608
0.56022
0.55961
0.55902
0.55859
0.55825
0.55805
0.55807
0.55816
0.55841
0.55888
0.5594
0.55992
0.56045
0.56098
0.56154
0.56208
0.56265
0.56327
0.56403
0.56477
0.56551
0.56613
0.56662
0.56698
0.56722
0.56721
0.5672
0.56712
0.56695
0.56673
0.56654
0.56631
0.56611
0.56598
0.56583
0.56568
0.56554
0.56535
0.56513
0.56493
0.56468
0.5645
0.56457
0.56492
0.56543
0.56584
0.56623
0.56641
0.56651
0.56639
0.56627
0.56598
0.56588
0.56605
0.56637
0.56658
0.56675
0.56685
0.56679
0.56662
0.56632
0.56588
0.56539
0.56484
0.56421
0.5637
0.56304
0.56239
0.56182
0.56132
0.56086
0.56042
0.56008
0.55963
0.55927
0.55895
0.55867
0.55835
0.55812
0.55804
0.55798
0.55797
0.55808
0.55823
0.55841
0.55862
0.55888
0.55918
0.5595
0.5598
0.56007
0.56028
0.56032
0.56023
0.56007
0.55966
0.559
0.55812
0.55728
0.55666
0.55624
0.55597
0.55594
0.55606
0.55634
0.55679
0.55745
0.55803
0.55867
0.5593
0.55962
0.55976
0.55985
0.55985
0.5599
0.56002
0.56034
0.56079
0.56144
0.56205
0.56281
0.56353
0.56431
0.56501
0.56567
0.56627
0.56685
0.56735
0.56775
0.56811
0.56836
0.56859
0.56895
0.56928
0.56957
0.56979
0.56995
0.56998
0.56996
0.56989
0.56969
0.56942
0.56911
0.56878
0.56844
0.5681
0.56774
0.56741
0.56706
0.5667
0.56641
0.56612
0.56601
0.56586
0.56572
0.56565
0.56551
0.56538
0.56521
0.56504
0.56486
0.56468
0.56445
0.56417
0.56402
0.56385
0.56374
0.56366
0.56353
0.56346
0.56338
0.56332
0.56318
0.56311
0.56301
0.56279
0.56253
0.56224
0.56181
0.56148
0.56117
0.56092
0.5608
0.56064
0.56063
0.56056
0.56046
0.56031
0.56014
0.56002
0.55999
0.56
0.56002
0.56024
0.56048
0.56072
0.56107
0.56138
0.56175
0.56213
0.56243
0.56275
0.56304
0.56331
0.56359
0.56385
0.56407
0.56427
0.56443
0.56453
0.56466
0.56483
0.5652
0.56588
0.56666
0.56743
0.56802
0.56856
0.56892
0.56911
0.5692
0.56914
0.56906
0.56929
0.56952
0.56974
0.56987
0.56981
0.56963
0.56948
0.56924
0.56902
0.56869
0.56825
0.56776
0.56727
0.5667
0.56638
0.56631
0.56638
0.56651
0.56652
0.56645
0.56626
0.56622
0.56612
0.56597
0.56576
0.56537
0.56499
0.56457
0.56413
0.56361
0.56307
0.56248
0.562
0.56144
0.56087
0.56039
0.55996
0.55956
0.55908
0.5583
0.5574
0.55649
0.5556
0.55504
0.55463
0.55441
0.55434
0.55439
0.55462
0.55485
0.55495
0.55484
0.5547
0.55447
0.55438
0.55438
0.55458
0.5549
0.55521
0.5554
0.55539
0.55544
0.55553
0.55573
0.55609
0.55657
0.55717
0.55789
0.55861
0.55948
0.56028
0.56116
0.56197
0.56277
0.56358
0.56431
0.56504
0.56564
0.56614
0.56659
0.567
0.56733
0.56756
0.56777
0.56787
0.56797
0.56792
0.56782
0.56765
0.56741
0.56724
0.56698
0.56681
0.56664
0.56646
0.56639
0.56628
0.56598
0.56582
0.56558
0.56539
0.56526
0.56519
0.56518
0.56513
0.56519
0.56513
0.56519
0.56514
0.56518
0.56516
0.56516
0.56524
0.56524
0.5652
0.5652
0.56521
0.56515
0.56516
0.5651
0.56504
0.56499
0.56491
0.56461
0.56426
0.56395
0.5636
0.56337
0.56321
0.5631
0.56291
0.56289
0.56287
0.56282
0.56266
0.56249
0.56232
0.56222
0.56213
0.56216
0.56234
0.56257
0.56289
0.56321
0.56354
0.56394
0.5643
0.56452
0.56456
0.56449
0.56427
0.56411
0.56393
0.56381
0.56377
0.56385
0.56403
0.56425
0.56449
0.56475
0.56499
0.5652
0.56546
0.56564
0.56578
0.56585
0.56593
0.56599
0.566
0.56595
0.56589
0.56584
0.56593
0.56612
0.56631
0.5667
0.56737
0.56818
0.56901
0.56977
0.57035
0.57075
0.57094
0.57101
0.57093
0.57078
0.5705
0.57021
0.56971
0.56909
0.56841
0.56763
0.56707
0.5665
0.56603
0.5656
0.56515
0.56475
0.56432
0.56393
0.56347
0.56302
0.56257
0.56207
0.56165
0.56125
0.5609
0.56053
0.56028
0.56003
0.55979
0.55959
0.5595
0.55934
0.55929
0.55921
0.55923
0.55926
0.55927
0.55927
0.55932
0.55935
0.55936
0.55939
0.55946
0.55938
0.55913
0.55889
0.55837
0.55779
0.55723
0.55667
0.55636
0.55614
0.5561
0.5563
0.55651
0.55686
0.55734
0.55787
0.55856
0.5592
0.55991
0.56059
0.56122
0.56182
0.56241
0.56291
0.56337
0.56378
0.56417
0.56451
0.56473
0.56499
0.56519
0.56531
0.56543
0.56534
0.56533
0.56523
0.56515
0.56533
0.56586
0.56648
0.56714
0.56791
0.56836
0.56896
0.56966
0.57032
0.5709
0.57135
0.57155
0.5716
0.57142
0.57143
0.5715
0.57163
0.57161
0.57148
0.57115
0.57057
0.56989
0.56899
0.56811
0.56745
0.567
0.56668
0.56656
0.5663
0.56585
0.56533
0.56464
0.56394
0.56307
0.56192
0.56067
0.5594
0.55816
0.55715
0.55627
0.55556
0.55495
0.55411
0.55323
0.55251
0.552
0.55171
0.55165
0.55133
0.55078
0.55037
0.54986
0.54932
0.54876
0.5483
0.54803
0.54822
0.54876
0.54964
0.55077
0.55216
0.55369
0.55526
0.55656
0.55761
0.55854
0.55937
0.56027
0.56111
0.56196
0.56283
0.56366
0.56457
0.56543
0.56631
0.56713
0.56784
0.56853
0.56908
0.56955
0.56997
0.57031
0.57056
0.57105
0.57181
0.57267
0.5735
0.57422
0.5748
0.57513
0.57526
0.57515
0.57491
0.57448
0.57386
0.57339
0.5732
0.57317
0.57329
0.57329
0.57334
0.57363
0.57413
0.57463
0.57502
0.57509
0.57499
0.57458
0.57394
0.57309
0.57199
0.57089
0.56969
0.5684
0.56708
0.56588
0.56471
0.5636
0.5626
0.56165
0.56085
0.56007
0.55931
0.55824
0.55705
0.55588
0.55469
0.55379
0.55289
0.55187
0.55092
0.54999
0.54943
0.54904
0.54885
0.54893
0.54918
0.54974
0.55011
0.55033
0.55037
0.55043
0.55053
0.55085
0.55146
0.55207
0.55252
0.55289
0.55316
0.55351
0.55405
0.55482
0.55577
0.55683
0.55804
0.55934
0.56068
0.56191
0.56311
0.56415
0.56517
0.56613
0.56705
0.56801
0.56887
0.56995
0.57133
0.57289
0.57443
0.57587
0.57714
0.5786
0.57991
0.58099
0.58177
0.58233
0.58251
0.58249
0.58245
0.58245
0.58231
0.5822
0.58229
0.58232
0.5822
0.582
0.5818
0.58169
0.58146
0.58111
0.5807
0.58026
0.57963
0.57889
0.57793
0.57659
0.57541
0.57443
0.57349
0.57252
0.57144
0.5701
0.5687
0.56708
0.56536
0.56356
0.56175
0.56003
0.55825
0.5566
0.55512
0.55375
0.55258
0.5516
0.55051
0.54923
0.54786
0.54647
0.54515
0.54407
0.54317
0.54219
0.5413
0.54055
0.53968
0.53906
0.53863
0.53855
0.53854
0.53842
0.53844
0.53831
0.53825
0.53851
0.53899
0.5399
0.541
0.54242
0.54378
0.54507
0.54644
0.54794
0.54955
0.55136
0.5533
0.5552
0.55727
0.55927
0.56125
0.56315
0.56499
0.56672
0.56861
0.57068
0.57267
0.57462
0.57637
0.57808
0.57991
0.58176
0.58367
0.58543
0.58711
0.58882
0.59023
0.5915
0.59257
0.59307
0.59307
0.59292
0.59245
0.59155
0.59047
0.58899
0.58709
0.58494
0.58242
0.57949
0.57624
0.5729
0.56958
0.56632
0.56285
0.55949
0.55625
0.55297
0.54996
0.54748
0.5451
0.54303
0.54106
0.53918
0.53781
0.53703
0.53675
0.53666
0.53654
0.53647
0.53627
0.53598
0.53576
0.53532
0.53471
0.53406
0.53331
0.53252
0.53208
0.53189
0.53196
0.53222
0.5328
0.53342
0.53404
0.53482
0.53571
0.53656
0.53766
0.53891
0.54033
0.54204
0.54372
0.54581
0.54847
0.55145
0.5548
0.5587
0.56317
0.56827
0.57394
0.58015
0.58754
0.59583
0.60453
0.61356
0.62287
0.632
0.64052
0.64783
0.65469
0.66144
0.66772
0.67393
0.67943
0.68421
0.68803
0.69099
0.69309
0.69402
0.69392
0.69302
0.69118
0.68896
0.68566
0.6823
0.67901
0.67518
0.67169
0.66831
0.6651
0.66126
0.65645
0.65034
0.64227
0.63186
0.61891
0.60285
0.58383
0.56193
0.53768
0.51198
0.48428
0.45498
0.42466
0.39352
0.36279
0.33278
0.30395
0.27723
0.25389
0.2335
0.216
0.20117
0.18999
0.18247
0.17813
0.17829
0.18287
0.19113
0.20295
0.21807
0.23739
0.26013
0.28528
0.31292
0.34298
0.37455
0.40761
0.44136
0.47533
0.50951
0.54314
0.57626
0.60779
0.63845
0.6676
0.69466
0.72008
0.74319
0.76513
0.78436
0.80179
0.81778
0.83163
0.84388
0.85524
0.86338
0.86838
0.87201
0.87359
0.87369
0.87325
0.8726
0.87145
0.87091
0.87084
0.87065
0.87169
0.87425
0.87682
0.88064
0.88492
0.88874
0.89215
0.89403
0.89449
0.89276
0.88835
0.88056
0.86924
0.85486
0.8368
0.81553
0.79137
0.76439
0.73404
0.69892
0.66018
0.61988
0.58021
0.5411
0.50344
0.46848
0.43616
0.40592
0.37902
0.35508
0.33403
0.31592
0.30021
0.28637
0.27293
0.26008
0.24683
0.23276
0.21885
0.20405
0.18856
0.17337
0.15733
0.14198
0.1264
0.1113
0.09951
0.08888
0.079263
0.07163
0.066084
0.0637
0.064543
0.068915
0.07658
0.087839
0.10322
0.12229
0.14491
0.17148
0.20073
0.23419
0.271
0.30965
0.35101
0.39373
0.43836
0.48413
0.53011
0.57636
0.62194
0.66633
0.70923
0.74993
0.78705
0.82208
0.85387
0.88236
0.9064
0.92676
0.94383
0.9565
0.9667
0.97456
0.9793
0.9824
0.98385
0.98366
0.98326
0.98183
0.98008
0.97943
0.97721
0.97504
0.97228
0.96804
0.96414
0.9592
0.95235
0.94613
0.94079
0.93591
0.93165
0.92719
0.92243
0.9168
0.90976
0.90119
0.89033
0.87717
0.86164
0.84308
0.82179
0.79707
0.76965
0.73955
0.70703
0.67374
0.63798
0.60065
0.56341
0.52616
0.48972
0.45568
0.42408
0.39578
0.3711
0.34949
0.33116
0.31413
0.2989
0.2849
0.27143
0.25866
0.24527
0.22968
0.21265
0.19426
0.17335
0.1515
0.12904
0.10621
0.084673
0.063239
0.045052
0.02948
0.015756
0.0062536
0.0008583
0
0.0044902
0.013672
0.027881
0.047714
0.071756
0.10108
0.13524
0.17237
0.21303
0.25632
0.30192
0.34954
0.39777
0.44636
0.49503
0.54274
0.58903
0.63331
0.67512
0.71428
0.75077
0.78452
0.81463
0.84164
0.86605
0.88725
0.90637
0.92261
0.93724
0.9496
0.96061
0.97052
0.9787
0.98564
0.99101
0.99568
0.99885
0.99964
1
0.99788
0.99447
0.99031
0.98369
0.97538
0.96438
0.95047
0.93438
0.91504
0.89518
0.87395
0.85118
0.82796
0.8042
0.7804
0.7571
0.73437
0.71243
0.69108
0.6696
0.64863
0.6275
0.60713
0.58644
0.56575
0.54541
0.52477
0.50389
0.48345
0.46388
0.44433
0.42543
0.40731
0.39035
0.37463
0.35994
0.34666
0.33425
0.32339
0.31342
0.30454
0.29679
0.29014
0.28267
0.2763
0.27133
0.26606
0.26083
0.25618
0.25234
0.2485
0.24574
0.24299
0.23986
0.23671
0.23552
0.23413
0.23238
0.23163
0.23073
0.23073
0.23291
0.23657
0.24287
0.25136
0.26238
0.27665
0.29271
0.31148
0.33305
0.3571
0.38337
0.41156
0.44108
0.47196
0.50381
0.53569
0.5682
0.60086
0.63273
0.66377
0.69381
0.72275
0.75
0.7758
0.79881
0.82035
0.83985
0.85786
0.87441
0.88818
0.90056
0.91096
0.91974
0.92663
0.93215
0.93606
0.93807
0.93818
0.93683
0.93369
0.92949
0.92318
0.91471
0.90583
0.89535
0.88419
0.87193
0.8591
0.84528
0.83095
0.81634
0.80027
0.78377
0.76736
0.74978
0.73146
0.71271
0.69312
0.67377
0.65372
0.63354
0.61377
0.59358
0.57409
0.55515
0.53612
0.51735
0.49941
0.48344
0.46817
0.45434
0.44147
0.42885
0.41712
0.40586
0.39491
0.38477
0.37538
0.36634
0.35785
0.34981
0.34275
0.33685
0.33143
0.32671
0.32341
0.32087
0.31968
0.31877
0.31831
0.31892
0.32078
0.32329
0.32561
0.32827
0.33156
0.33582
0.34122
0.3468
0.35209
0.3571
0.36355
0.3705
0.378
0.38597
0.39407
0.40316
0.41356
0.42455
0.43668
0.44982
0.4634
0.47792
0.49258
0.50797
0.52462
0.5405
0.55669
0.57278
0.58883
0.60573
0.62113
0.63597
0.65077
0.66499
0.67861
0.69122
0.70339
0.71512
0.72532
0.73473
0.74354
0.75102
0.75747
0.76283
0.76685
0.76988
0.77206
0.77311
0.7728
0.77152
0.76928
0.76616
0.76221
0.75753
0.75169
0.74433
0.73695
0.72939
0.72162
0.71336
0.7045
0.69552
0.6861
0.67596
0.66589
0.65547
0.64467
0.63397
0.62254
0.61185
0.60066
0.58912
0.57799
0.56698
0.55652
0.54635
0.53562
0.52579
0.51758
0.50978
0.50237
0.49523
0.48859
0.48272
0.47736
0.47263
0.46821
0.46458
0.46176
0.45919
0.45748
0.45659
0.45616
0.45648
0.45723
0.45827
0.46001
0.46211
0.46479
0.46798
0.47145
0.47531
0.47949
0.48493
0.49033
0.49528
0.50101
0.50646
0.51099
0.51637
0.5213
0.5254
0.53013
0.53496
0.53968
0.54453
0.54923
0.55364
0.55717
0.56031
0.56409
0.56827
0.57152
0.5752
0.5785
0.58108
0.5835
0.5853
0.58741
0.58988
0.59154
0.59281
0.59413
0.59541
0.59598
0.59622
0.59656
0.59725
0.59735
0.5971
0.59643
0.596
0.59586
0.59535
0.59555
0.59534
0.59442
0.59409
0.59362
0.59288
0.59282
0.59212
0.59104
0.59068
0.58959
0.58818
0.58656
0.58556
0.58436
0.58261
0.5806
0.57837
0.57603
0.57426
0.57265
0.57122
0.56976
0.56803
0.56539
0.5622
0.55938
0.55665
0.55433
0.55244
0.55067
0.54921
0.54782
0.5459
0.54421
0.54315
0.54178
0.54011
0.53937
0.53829
0.53694
0.53615
0.53494
0.53449
0.53466
0.5343
0.53443
0.53439
0.5345
0.5354
0.53681
0.53853
0.54034
0.5413
0.54262
0.54427
0.54625
0.54778
0.54868
0.55013
0.55159
0.55323
0.55506
0.55609
0.55677
0.5577
0.5589
0.56024
0.562
0.56371
0.56551
0.56706
0.56873
0.56956
0.56978
0.57023
0.57068
0.57136
0.57208
0.57289
0.57354
0.5742
0.57486
0.57553
0.57613
0.57675
0.57723
0.57753
0.57784
0.57801
0.57853
0.57982
0.58068
0.58131
0.58162
0.58153
0.58128
0.58116
0.58176
0.58201
0.58194
0.58179
0.58216
0.58249
0.5824
0.58197
0.58186
0.58196
0.58164
0.58112
0.58016
0.57903
0.57769
0.57623
0.5756
0.57508
0.57428
0.57417
0.57403
0.57355
0.57296
0.57205
0.57081
0.56987
0.56961
0.56905
0.56831
0.56738
0.5662
0.56493
0.56371
0.56247
0.56113
0.55981
0.5587
0.55755
0.55677
0.55599
0.55505
0.55428
0.5535
0.55283
0.55246
0.55209
0.55177
0.55084
0.54953
0.54868
0.54796
0.54756
0.54757
0.54717
0.54624
0.54581
0.54575
0.54587
0.54545
0.54511
0.54513
0.54544
0.54622
0.54724
0.54847
0.54975
0.55109
0.55244
0.55382
0.55523
0.55658
0.55793
0.55924
0.56043
0.56165
0.56269
0.56364
0.56463
0.56549
0.56623
0.56681
0.56742
0.56786
0.56813
0.56839
0.56854
0.5685
0.56843
0.56843
0.56895
0.56996
0.57055
0.57121
0.57143
0.5714
0.57138
0.57192
0.57265
0.57294
0.57314
0.57306
0.5726
0.57206
0.57136
0.57114
0.57142
0.57128
0.57104
0.57068
0.57008
0.56937
0.56852
0.56753
0.5665
0.56634
0.56634
0.56615
0.56592
0.56546
0.5646
0.56304
0.56122
0.55972
0.55837
0.55717
0.55616
0.55518
0.55444
0.55383
0.55342
0.55316
0.55311
0.55235
0.55132
0.55063
0.55013
0.54989
0.54988
0.55003
0.55024
0.55072
0.55135
0.55197
0.55272
0.55282
0.55259
0.55259
0.55272
0.55297
0.55342
0.55399
0.55456
0.55518
0.55588
0.55679
0.55761
0.55846
0.55924
0.56012
0.56093
0.56163
0.56195
0.56159
0.56128
0.56103
0.56092
0.56097
0.56113
0.5615
0.56192
0.56238
0.56287
0.56347
0.56399
0.56462
0.56524
0.56577
0.56635
0.56691
0.56734
0.56777
0.56808
0.5685
0.56881
0.56903
0.56916
0.56937
0.56947
0.5695
0.56949
0.5695
0.56905
0.56857
0.56791
0.56683
0.56606
0.56539
0.56486
0.56449
0.56416
0.56403
0.56395
0.56402
0.5642
0.56441
0.56449
0.56464
0.56479
0.56498
0.56514
0.56538
0.56545
0.56597
0.56661
0.56702
0.56806
0.56886
0.56947
0.57007
0.57028
0.57034
0.57034
0.57009
0.56969
0.5691
0.56855
0.56786
0.56726
0.56659
0.56599
0.56529
0.56465
0.56403
0.56349
0.56313
0.56278
0.56247
0.5622
0.56189
0.56157
0.5614
0.56169
0.56262
0.56348
0.56432
0.56502
0.5654
0.56557
0.56551
0.56546
0.5653
0.56498
0.56472
0.56448
0.56432
0.56414
0.56403
0.56378
0.5636
0.56348
0.56329
0.56305
0.56287
0.56276
0.56261
0.56251
0.56255
0.56254
0.56253
0.56258
0.56255
0.5625
0.56254
0.56254
0.56253
0.5625
0.5624
0.56245
0.56262
0.56267
0.56271
0.56265
0.5627
0.56264
0.5626
0.56251
0.56235
0.56224
0.56219
0.56214
0.56208
0.56206
0.56204
0.56172
0.56121
0.56088
0.56042
0.55981
0.5594
0.55911
0.55896
0.55894
0.55901
0.55921
0.55945
0.55979
0.56017
0.5606
0.56093
0.56129
0.56164
0.56199
0.56236
0.56266
0.56299
0.56338
0.56357
0.56382
0.56403
0.56412
0.56428
0.56451
0.56465
0.56475
0.56486
0.56501
0.56512
0.56542
0.56563
0.56572
0.56589
0.56592
0.56583
0.56579
0.56563
0.5655
0.56531
0.56516
0.56488
0.56469
0.56448
0.56477
0.56551
0.56621
0.5668
0.56718
0.56741
0.56756
0.56801
0.56858
0.56894
0.56919
0.56926
0.56914
0.56882
0.56839
0.56825
0.56855
0.56874
0.56875
0.56857
0.56814
0.56759
0.56698
0.56626
0.56551
0.56467
0.56382
0.56305
0.56222
0.56151
0.56075
0.56015
0.55957
0.55899
0.55839
0.55775
0.55718
0.55675
0.55657
0.55637
0.55626
0.55621
0.55633
0.55611
0.55538
0.55482
0.55436
0.55402
0.55396
0.55399
0.5542
0.55453
0.55495
0.55496
0.55473
0.55466
0.55455
0.55476
0.55522
0.55575
0.55634
0.55706
0.55768
0.55792
0.55805
0.55813
0.55824
0.55841
0.55872
0.55915
0.55969
0.56031
0.56101
0.56174
0.56252
0.5633
0.56397
0.56478
0.56537
0.56595
0.5665
0.56696
0.56749
0.56777
0.568
0.56831
0.56867
0.56892
0.56925
0.56956
0.56979
0.56993
0.57001
0.56999
0.56991
0.56983
0.5697
0.56951
0.56928
0.56901
0.56868
0.5684
0.56808
0.56778
0.56742
0.56707
0.56683
0.56645
0.5662
0.56591
0.56571
0.56548
0.56528
0.56509
0.56481
0.56463
0.56449
0.56436
0.56427
0.56424
0.56422
0.56423
0.56415
0.5641
0.56407
0.56401
0.56398
0.56397
0.56392
0.5639
0.56392
0.56395
0.56396
0.56382
0.56349
0.56318
0.56285
0.56253
0.56236
0.56215
0.56195
0.56164
0.56132
0.56114
0.56089
0.56092
0.56093
0.56106
0.56112
0.56115
0.56116
0.5611
0.56117
0.56131
0.56149
0.56163
0.56188
0.56214
0.56239
0.56263
0.56292
0.5632
0.56352
0.56379
0.56407
0.56425
0.56437
0.56444
0.56452
0.56454
0.56463
0.56467
0.56473
0.56477
0.56486
0.56495
0.56503
0.56527
0.56554
0.56589
0.56618
0.5663
0.56649
0.56646
0.56651
0.56646
0.56645
0.56659
0.56672
0.56673
0.56672
0.56667
0.56657
0.56645
0.56622
0.56603
0.56589
0.56574
0.5656
0.56551
0.56539
0.56513
0.56489
0.56479
0.5646
0.56443
0.56421
0.56428
0.56477
0.5653
0.56581
0.56633
0.56658
0.56674
0.56671
0.56659
0.56634
0.56596
0.56546
0.56503
0.56452
0.56402
0.56358
0.56306
0.56258
0.56213
0.56178
0.56141
0.56113
0.56083
0.56062
0.56042
0.56031
0.5602
0.56012
0.56002
0.55997
0.55998
0.55987
0.55986
0.55978
0.5598
0.55979
0.55974
0.55986
0.55989
0.55993
0.56001
0.56003
0.56015
0.56024
0.5603
0.56039
0.56052
0.56072
0.5608
0.56095
0.56107
0.56127
0.56131
0.5614
0.56157
0.56165
0.56177
0.56191
0.56202
0.56204
0.56207
0.56203
0.56199
0.562
0.56205
0.56211
0.56218
0.56279
0.56357
0.56435
0.56505
0.56564
0.5661
0.56631
0.56644
0.56637
0.56618
0.5659
0.56556
0.56515
0.56514
0.56526
0.56552
0.56593
0.56625
0.56647
0.56662
0.56663
0.5664
0.56619
0.56574
0.56528
0.56484
0.56432
0.56381
0.56326
0.56275
0.56224
0.56178
0.56139
0.56102
0.56063
0.56039
0.56023
0.56012
0.56009
0.56009
0.56017
0.56019
0.56031
0.56045
0.56045
0.5602
0.55963
0.55906
0.55848
0.55801
0.55756
0.55734
0.55725
0.55732
0.55746
0.55765
0.55801
0.55849
0.55904
0.5596
0.56017
0.56073
0.5612
0.56161
0.56153
0.5611
0.56061
0.55993
0.55936
0.55886
0.55854
0.55795
0.5573
0.55677
0.55638
0.55626
0.55637
0.5567
0.55717
0.55772
0.55798
0.55805
0.55826
0.55854
0.55872
0.55878
0.5588
0.5591
0.5598
0.56081
0.56207
0.56329
0.56454
0.56572
0.56684
0.5679
0.5687
0.56896
0.56825
0.56625
0.56274
0.55783
0.55167
0.5429
0.53361
0.52693
0.52315
0.52398
0.53023
0.5406
0.55666
0.57446
0.59322
0.61352
0.63289
0.65166
0.66801
0.6812
0.69099
0.69713
0.69769
0.69402
0.68661
0.67567
0.66138
0.6432
0.62288
0.60025
0.57572
0.54997
0.52382
0.49661
0.46941
0.44304
0.41816
0.39589
0.3774
0.36374
0.35577
0.35338
0.35692
0.36731
0.38322
0.40458
0.43139
0.4616
0.49437
0.529
0.56451
0.59832
0.62927
0.65877
0.68529
0.70755
0.72696
0.7418
0.7514
0.75737
0.75872
0.75524
0.74812
0.73715
0.72295
0.70677
0.68831
0.6683
0.64687
0.62532
0.60256
0.57969
0.55777
0.53555
0.51563
0.49813
0.4821
0.46765
0.45568
0.44678
0.44014
0.43643
0.43587
0.43827
0.44256
0.44889
0.45616
0.46497
0.47553
0.48596
0.49771
0.50924
0.5206
0.53108
0.54192
0.55219
0.56154
0.57079
0.57959
0.58725
0.59469
0.60131
0.60682
0.61042
0.61365
0.61704
0.61887
0.62044
0.62167
0.62198
0.6207
0.61909
0.61757
0.61495
0.6118
0.60803
0.605
0.60204
0.59909
0.59673
0.5944
0.59224
0.5901
0.58846
0.5857
0.58294
0.57973
0.57653
0.5732
0.56985
0.56534
0.56117
0.55652
0.55182
0.54715
0.54303
0.53899
0.53538
0.53268
0.52937
0.52747
0.52647
0.52515
0.52414
0.52445
0.52474
0.52464
0.52533
0.52654
0.52815
0.53038
0.53201
0.53279
0.53442
0.53639
0.53865
0.54058
0.54147
0.54304
0.5448
0.54663
0.54879
0.55084
0.55283
0.55497
0.557
0.55905
0.56106
0.56309
0.56496
0.56687
0.56868
0.57037
0.5718
0.57295
0.57382
0.57455
0.575
0.57536
0.57536
0.57514
0.5748
0.57414
0.57354
0.57289
0.5722
0.57131
0.57056
0.56978
0.56903
0.56836
0.56775
0.5672
0.56655
0.56613
0.56569
0.56552
0.56547
0.56545
0.56435
0.56328
0.56287
0.56266
0.56281
0.56333
0.56374
0.56538
0.56748
0.56909
0.5706
0.57182
0.57284
0.57363
0.57431
0.57476
0.57498
0.57409
0.57246
0.57129
0.57026
0.56919
0.56874
0.56927
0.5692
0.56901
0.56892
0.56858
0.56808
0.56772
0.56724
0.56662
0.56598
0.56541
0.56463
0.56397
0.56332
0.56273
0.56218
0.56175
0.56127
0.56075
0.56033
0.56005
0.55987
0.55962
0.55958
0.55956
0.55971
0.56104
0.56215
0.56292
0.5637
0.56413
0.56435
0.56452
0.56459
0.56456
0.56443
0.56419
0.56411
0.56392
0.56474
0.56587
0.56648
0.5672
0.56759
0.56794
0.56815
0.56831
0.56827
0.56821
0.56803
0.56786
0.56752
0.56716
0.56672
0.56645
0.56631
0.56708
0.56768
0.56804
0.5683
0.56816
0.56785
0.56754
0.56713
0.5669
0.56639
0.56584
0.56437
0.56252
0.56126
0.55995
0.5587
0.55717
0.55664
0.55638
0.5567
0.55798
0.55956
0.56166
0.56376
0.56629
0.56762
0.56761
0.56707
0.56505
0.56208
0.55888
0.55512
0.55178
0.5493
0.54747
0.54738
0.54795
0.54832
0.54981
0.55205
0.55398
0.55507
0.55571
0.55628
0.55683
0.55759
0.55823
0.55877
0.56016
0.56186
0.56338
0.56578
0.56772
0.56917
0.57036
0.57029
0.56925
0.56678
0.5638
0.55967
0.55446
0.54902
0.54375
0.54007
0.5382
0.53943
0.54315
0.54849
0.55473
0.56187
0.56898
0.57624
0.58245
0.58684
0.58981
0.59031
0.5887
0.58546
0.58106
0.5767
0.57303
0.56983
0.56707
0.56442
0.56113
0.55799
0.55435
0.55045
0.54707
0.54481
0.54378
0.54464
0.54684
0.55027
0.55469
0.55913
0.56272
0.56592
0.56837
0.57027
0.57184
0.57299
0.57263
0.57125
0.56861
0.56541
0.56188
0.55875
0.55665
0.55581
0.55661
0.55953
0.56355
0.56769
0.57261
0.57736
0.58161
0.58375
0.5841
0.583
0.5805
0.57759
0.57528
0.57294
0.57189
0.5721
0.57242
0.57234
0.57108
0.56856
0.56565
0.56151
0.55667
0.55134
0.54584
0.54165
0.53924
0.5395
0.54238
0.54736
0.55371
0.56242
0.57326
0.5836
0.59362
0.60214
0.60743
0.61006
0.60817
0.60272
0.59387
0.58233
0.57022
0.5577
0.54538
0.53519
0.52771
0.52271
0.52176
0.52391
0.52831
0.53425
0.54146
0.54901
0.55666
0.5639
0.57024
0.57573
0.57936
0.58169
0.58303
0.58226
0.58049
0.57758
0.57382
0.56991
0.56545
0.56196
0.55844
0.55605
0.55523
0.5553
0.55554
0.55694
0.55791
0.55853
0.55938
0.5588
0.55764
0.55574
0.55363
0.55247
0.55193
0.55205
0.55391
0.55868
0.56527
0.57322
0.5816
0.58968
0.59698
0.60237
0.60557
0.60627
0.60362
0.59695
0.58525
0.56965
0.55219
0.53354
0.51627
0.50283
0.49553
0.49634
0.50978
0.53179
0.55586
0.58125
0.60375
0.62176
0.63445
0.64142
0.64116
0.63298
0.61731
0.59585
0.57124
0.54609
0.52115
0.49925
0.48162
0.46989
0.46591
0.46824
0.47594
0.48791
0.50148
0.51765
0.53451
0.5498
0.56313
0.57428
0.58167
0.58589
0.58647
0.58275
0.57698
0.56901
0.56034
0.55335
0.54719
0.54154
0.53736
0.53498
0.53379
0.53401
0.53499
0.53693
0.5388
0.53905
0.5385
0.53801
0.5382
0.54079
0.54686
0.55645
0.56818
0.5799
0.59055
0.59897
0.60492
0.60821
0.61071
0.61235
0.61373
0.61558
0.61772
0.62019
0.62153
0.62107
0.61828
0.61175
0.60254
0.58956
0.57413
0.55939
0.54621
0.53566
0.52862
0.525
0.5244
0.5269
0.53142
0.53801
0.54579
0.55453
0.56434
0.57428
0.58261
0.59116
0.59876
0.60457
0.60923
0.61146
0.61217
0.61022
0.60766
0.60496
0.60135
0.59855
0.596
0.59228
0.58851
0.58473
0.58098
0.57733
0.57371
0.57044
0.56789
0.5663
0.56481
0.56257
0.55828
0.5501
0.53692
0.51881
0.49785
0.47811
0.46308
0.45539
0.45818
0.47324
0.49751
0.5292
0.56611
0.60249
0.63677
0.66619
0.68822
0.70267
0.70808
0.70328
0.68715
0.66033
0.62651
0.58859
0.54961
0.5142
0.48312
0.45893
0.44182
0.43118
0.42809
0.43241
0.4435
0.46122
0.482
0.50695
0.5359
0.56469
0.59393
0.61898
0.63807
0.65069
0.65537
0.65208
0.63879
0.61737
0.58922
0.5543
0.51717
0.48127
0.45107
0.42963
0.41903
0.42285
0.44158
0.47263
0.5132
0.55789
0.60181
0.64095
0.67151
0.69177
0.69793
0.68859
0.66416
0.63072
0.5918
0.55449
0.52474
0.50609
0.49871
0.50141
0.51215
0.52777
0.54917
0.57194
0.59539
0.61665
0.63334
0.64489
0.64802
0.6415
0.626
0.6042
0.58011
0.55796
0.54116
0.53074
0.52708
0.52655
0.52762
0.52909
0.52929
0.5275
0.52275
0.51621
0.50965
0.50604
0.50909
0.5196
0.53686
0.56054
0.58702
0.61208
0.6318
0.6436
0.64621
0.63935
0.62505
0.60586
0.5856
0.56457
0.54503
0.52859
0.51601
0.50778
0.50326
0.50288
0.50705
0.5151
0.52691
0.54305
0.56134
0.57875
0.59387
0.60348
0.60545
0.59884
0.58456
0.56153
0.53447
0.50876
0.48792
0.47768
0.47944
0.49544
0.52392
0.56378
0.60911
0.65118
0.68751
0.71359
0.72718
0.72787
0.7134
0.68348
0.64292
0.59488
0.54388
0.49656
0.45767
0.43089
0.41817
0.41902
0.43199
0.45329
0.48072
0.51186
0.54275
0.57054
0.59312
0.60695
0.60928
0.60117
0.58315
0.55792
0.53164
0.50922
0.49406
0.48812
0.49152
0.50261
0.52086
0.54436
0.57224
0.60106
0.62863
0.65217
0.67047
0.68086
0.68252
0.67477
0.65579
0.62965
0.59811
0.56654
0.54157
0.52365
0.51298
0.50869
0.50768
0.5067
0.50334
0.4974
0.4888
0.48034
0.47534
0.47783
0.48878
0.50883
0.53507
0.56241
0.59111
0.61455
0.62983
0.63703
0.63542
0.62931
0.61773
0.60614
0.59757
0.59557
0.59863
0.6061
0.61695
0.62584
0.63333
0.63606
0.63358
0.62446
0.60874
0.58785
0.5628
0.53591
0.50876
0.48672
0.47055
0.46401
0.46741
0.48093
0.50193
0.52987
0.56243
0.5935
0.62151
0.64377
0.65826
0.66422
0.65919
0.64178
0.61644
0.58391
0.54999
0.52006
0.49824
0.48765
0.49029
0.50565
0.5335
0.57062
0.61101
0.64713
0.67412
0.69084
0.69498
0.68304
0.65268
0.60727
0.5504
0.48938
0.43431
0.3911
0.36339
0.35359
0.36277
0.38955
0.42976
0.47999
0.53834
0.59772
0.65409
0.70396
0.74233
0.76684
0.77803
0.77502
0.76086
0.73794
0.70705
0.67097
0.63107
0.58856
0.54295
0.49388
0.44096
0.38578
0.33203
0.28408
0.24895
0.23185
0.23459
0.25909
0.30559
0.37147
0.4526
0.54378
0.63591
0.72039
0.79043
0.84245
0.87512
0.88727
0.88004
0.8547
0.81183
0.75235
0.67977
0.59687
0.5102
0.42836
0.35709
0.30395
0.2716
0.26246
0.27687
0.31117
0.36095
0.42293
0.49217
0.56252
0.62894
0.68584
0.73018
0.75862
0.77111
0.76836
0.75087
0.72327
0.69169
0.65913
0.62851
0.6024
0.5795
0.55765
0.53607
0.51228
0.48519
0.45638
0.42955
0.40871
0.39695
0.39923
0.41631
0.44714
0.48762
0.53311
0.58025
0.62296
0.65914
0.68777
0.70682
0.71714
0.71872
0.71428
0.70419
0.69008
0.67411
0.65578
0.63811
0.61984
0.60168
0.58377
0.56584
0.54753
0.52841
0.50821
0.48654
0.46375
0.44146
0.42208
0.4061
0.39591
0.39651
0.40739
0.43038
0.4646
0.50731
0.55775
0.60857
0.65771
0.70039
0.73328
0.75489
0.76291
0.7586
0.74038
0.71022
0.67022
0.62659
0.58183
0.53784
0.50163
0.47328
0.45451
0.4462
0.44761
0.45523
0.46871
0.48469
0.49956
0.51146
0.51648
0.51315
0.50302
0.48839
0.47437
0.46747
0.46882
0.48334
0.50912
0.54222
0.58031
0.61773
0.65048
0.6767
0.69339
0.70148
0.70034
0.69054
0.67328
0.64955
0.62348
0.59417
0.5631
0.53074
0.4943
0.45631
0.4183
0.38319
0.35745
0.34299
0.34427
0.36348
0.39973
0.45257
0.51824
0.59185
0.66563
0.73148
0.78464
0.82253
0.84249
0.84495
0.83042
0.7988
0.75341
0.70055
0.64185
0.58016
0.51931
0.46073
0.40769
0.36313
0.32915
0.30995
0.3062
0.32011
0.35119
0.39937
0.46099
0.53317
0.6117
0.68792
0.75717
0.81148
0.84833
0.8667
0.86345
0.83932
0.79475
0.73183
0.65389
0.56781
0.48279
0.40871
0.35155
0.31679
0.30817
0.32337
0.36214
0.41848
0.48671
0.55749
0.62179
0.67452
0.71162
0.7306
0.7348
0.72365
0.69962
0.66884
0.63369
0.59512
0.55571
0.51753
0.47956
0.44326
0.40765
0.37471
0.34742
0.33004
0.32463
0.33363
0.35945
0.40391
0.46684
0.54679
0.63838
0.72998
0.80878
0.86929
0.90705
0.92095
0.91112
0.87783
0.82367
0.7553
0.68206
0.60811
0.54137
0.48275
0.43363
0.39529
0.36682
0.34928
0.34284
0.34698
0.36236
0.38783
0.42309
0.46775
0.52235
0.58171
0.63927
0.68984
0.72835
0.75419
0.76464
0.76027
0.74004
0.70423
0.65454
0.59399
0.52844
0.4672
0.41855
0.38649
0.37452
0.38194
0.40177
0.43165
0.46687
0.50112
0.5326
0.55851
0.57779
0.59014
0.59356
0.58824
0.57999
0.57075
0.56198
0.55469
0.55054
0.54659
0.54439
0.54494
0.54486
0.54563
0.54593
0.54746
0.54918
0.55186
0.55781
0.56481
0.5731
0.58215
0.58967
0.59458
0.59599
0.59289
0.58486
0.57269
0.55485
0.53395
0.51173
0.49223
0.47754
0.47035
0.4725
0.48586
0.50998
0.54156
0.5783
0.61412
0.64534
0.66909
0.68122
0.68036
0.66324
0.63118
0.58974
0.54734
0.51264
0.49309
0.49484
0.51688
0.55331
0.59612
0.63769
0.67314
0.69802
0.70774
0.7007
0.67427
0.63149
0.57735
0.52208
0.476
0.44416
0.43136
0.43624
0.45555
0.4828
0.51528
0.54637
0.5728
0.592
0.60208
0.60263
0.59715
0.58578
0.57093
0.55742
0.5467
0.54314
0.548
0.55986
0.57639
0.59209
0.60406
0.60857
0.60212
0.58442
0.55235
0.51057
0.4644
0.42114
0.38724
0.36738
0.36469
0.37894
0.4092
0.45448
0.50901
0.5707
0.63774
0.70428
0.7645
0.81349
0.84732
0.8627
0.86018
0.83836
0.79845
0.7476
0.69164
0.63468
0.58271
0.53687
0.49576
0.45986
0.42534
0.39196
0.36031
0.33342
0.31592
0.31168
0.32453
0.35562
0.40653
0.47228
0.54757
0.62735
0.70168
0.7635
0.80954
0.83667
0.84393
0.833
0.80607
0.76644
0.71865
0.66686
0.61479
0.56574
0.52373
0.4908
0.46828
0.45798
0.45999
0.4726
0.49273
0.51581
0.53557
0.5482
0.54926
0.53704
0.51215
0.4784
0.44374
0.41539
0.40035
0.40474
0.4317
0.48039
0.54523
0.61458
0.6772
0.72716
0.76225
0.78114
0.78102
0.76123
0.7216
0.66556
0.60099
0.53504
0.47856
0.43688
0.41197
0.40325
0.40722
0.41797
0.43136
0.44585
0.45812
0.46873
0.47591
0.48193
0.48866
0.49754
0.50914
0.5251
0.54284
0.5627
0.58356
0.60313
0.62016
0.63165
0.63836
0.63764
0.63078
0.61791
0.5982
0.57386
0.54739
0.52285
0.50334
0.49202
0.4896
0.49436
0.50485
0.51795
0.53074
0.54278
0.55463
0.56522
0.57686
0.59078
0.60594
0.62433
0.64403
0.66248
0.68004
0.69255
0.70122
0.70598
0.70543
0.70056
0.69087
0.67582
0.65767
0.63677
0.61497
0.5932
0.57122
0.54793
0.52245
0.49511
0.46547
0.43711
0.41423
0.399
0.39645
0.40777
0.43322
0.47313
0.52539
0.5841
0.643
0.69691
0.73903
0.76735
0.77868
0.77063
0.74362
0.69507
0.62799
0.54944
0.46993
0.40237
0.35255
0.32487
0.32214
0.3413
0.37752
0.42717
0.4825
0.53837
0.58956
0.63086
0.65849
0.67112
0.66772
0.64738
0.61341
0.57144
0.52756
0.48712
0.45473
0.43196
0.41891
0.4162
0.42299
0.43999
0.46583
0.49475
0.52588
0.55632
0.582
0.60206
0.61674
0.62382
0.62492
0.61963
0.60918
0.59519
0.57892
0.56176
0.54562
0.53181
0.52085
0.51395
0.51215
0.51587
0.52705
0.54452
0.56624
0.59
0.61104
0.62796
0.63865
0.6381
0.62608
0.60583
0.58058
0.55603
0.53794
0.52885
0.53157
0.54707
0.57356
0.60734
0.64615
0.6852
0.72049
0.74939
0.76775
0.77446
0.76914
0.75238
0.72754
0.69843
0.66855
0.63989
0.61467
0.59428
0.5784
0.56657
0.55848
0.55339
0.54911
0.54397
0.5385
0.53146
0.5237
0.51395
0.50361
0.49468
0.48529
0.47574
0.46621
0.45767
0.4486
0.44025
0.43321
0.42801
0.42406
0.42199
0.42267
0.42553
0.42995
0.43626
0.44309
0.44938
0.45569
0.46166
0.4678
0.47491
0.48413
0.49543
0.51032
0.52887
0.5505
0.57412
0.5989
0.62316
0.64652
0.667
0.68486
0.70026
0.71237
0.72149
0.72837
0.73589
0.74218
0.74805
0.75397
0.75945
0.76519
0.77029
0.77531
0.7795
0.78319
0.78562
0.78605
0.78466
0.78013
0.77405
0.76565
0.75366
0.73934
0.72231
0.70239
0.68244
0.66007
0.63605
0.6125
0.58785
0.56357
0.53922
0.51617
0.49496
0.47449
0.45642
0.44143
0.42878
0.41856
0.41057
0.40397
0.39765
0.39097
0.38247
0.37198
0.35829
0.34206
0.32243
0.29935
0.27381
0.24515
0.21702
0.18759
0.1585
0.13156
0.10702
0.086849
0.071529
0.062594
0.060449
0.064718
0.076064
0.093835
0.11882
0.14949
0.18559
0.22764
0.27318
0.32137
0.3729
0.42517
0.47893
0.53242
0.5841
0.636
0.6855
0.73143
0.77408
0.81292
0.84865
0.87958
0.90559
0.9266
0.94392
0.95629
0.96513
0.97029
0.97238
0.97262
0.97046
0.96695
0.96266
0.95726
0.95285
0.94799
0.94462
0.94361
0.9434
0.94462
0.94632
0.95015
0.95477
0.95977
0.96497
0.96908
0.97068
0.97046
0.96756
0.9614
0.95054
0.93637
0.91806
0.89513
0.86807
0.83689
0.80226
0.76492
0.72541
0.68353
0.63997
0.59588
0.55189
0.50924
0.46786
0.42806
0.39062
0.35505
0.3227
0.29253
0.26512
0.24099
0.21949
0.20124
0.18629
0.17419
0.16358
0.15637
0.15228
0.15057
0.15164
0.15466
0.15855
0.16366
0.16948
0.17544
0.18139
0.18685
0.19127
0.1941
0.19624
0.19854
0.19837
0.19792
0.19735
0.19679
0.19761
0.19932
0.20326
0.20878
0.21799
0.23006
0.24497
0.26339
0.28426
0.30824
0.33561
0.36522
0.3972
0.43159
0.4678
0.50439
0.54204
0.58081
0.61844
0.65614
0.69378
0.72887
0.76284
0.79503
0.82543
0.85327
0.87861
0.90165
0.9219
0.94005
0.9553
0.96811
0.97895
0.98689
0.99256
0.99557
0.99645
0.99579
0.99276
0.98795
0.98141
0.97328
0.96375
0.95177
0.93891
0.92516
0.91069
0.89522
0.87914
0.86258
0.84595
0.82861
0.81102
0.79313
0.77431
0.75545
0.73676
0.71755
0.69755
0.67744
0.65694
0.63596
0.61496
0.59447
0.57417
0.55457
0.53525
0.5173
0.4999
0.48341
0.46749
0.45226
0.43806
0.42529
0.41283
0.40053
0.38876
0.37622
0.36428
0.35312
0.3418
0.33155
0.32193
0.3122
0.30367
0.29609
0.28964
0.28466
0.28091
0.27915
0.27928
0.28058
0.28267
0.28594
0.2901
0.29509
0.30105
0.30774
0.31551
0.32356
0.33356
0.34413
0.35449
0.36526
0.37668
0.38856
0.40099
0.41442
0.42846
0.44295
0.458
0.47318
0.48875
0.50377
0.51914
0.53442
0.54869
0.56232
0.5758
0.58925
0.60121
0.61217
0.62218
0.6315
0.64036
0.64874
0.65727
0.66457
0.67168
0.67852
0.68452
0.69046
0.69584
0.70028
0.70459
0.70752
0.70993
0.71086
0.7109
0.71081
0.70938
0.70721
0.70428
0.70087
0.69691
0.6932
0.689
0.68489
0.68077
0.6769
0.67342
0.66958
0.66581
0.66217
0.65859
0.6548
0.65045
0.6454
0.64042
0.63477
0.62803
0.6211
0.6136
0.6061
0.5999
0.5937
0.58729
0.58156
0.57677
0.5718
0.5676
0.56421
0.56053
0.55792
0.55487
0.55178
0.54994
0.54787
0.54572
0.54365
0.54144
0.53824
0.53549
0.5332
0.53118
0.52933
0.52688
0.52527
0.52408
0.5234
0.52328
0.52339
0.52355
0.52289
0.52245
0.52276
0.52334
0.52428
0.5254
0.52555
0.52598
0.5271
0.5283
0.53003
0.53183
0.53362
0.53548
0.53736
0.53986
0.54337
0.5464
0.54901
0.55234
0.55561
0.55895
0.56285
0.5663
0.56993
0.57328
0.57618
0.57863
0.58121
0.58363
0.58521
0.5867
0.58768
0.58845
0.58875
0.58889
0.58876
0.58872
0.58796
0.58695
0.58627
0.58466
0.58348
0.58239
0.5804
0.57807
0.57539
0.57247
0.56964
0.56685
0.56388
0.56117
0.55846
0.55589
0.55353
0.55142
0.54951
0.54776
0.54603
0.54339
0.54125
0.53959
0.53767
0.53559
0.53448
0.53267
0.53119
0.52998
0.52856
0.528
0.52713
0.52616
0.52542
0.52506
0.52452
0.52385
0.52376
0.52417
0.52444
0.52507
0.52554
0.52644
0.52738
0.5284
0.52956
0.53055
0.53164
0.53274
0.53392
0.53616
0.53847
0.54029
0.54274
0.54474
0.54661
0.54851
0.54978
0.5518
0.55308
0.55466
0.55583
0.5569
0.55862
0.55943
0.56065
0.5619
0.56259
0.56389
0.56548
0.56642
0.56759
0.56856
0.56894
0.56994
0.57123
0.57224
0.57275
0.57363
0.57469
0.57588
0.57667
0.57702
0.57785
0.57863
0.57956
0.58077
0.58198
0.58313
0.58409
0.5851
0.58614
0.58697
0.58772
0.58843
0.5889
0.58984
0.59117
0.59202
0.59268
0.59311
0.59399
0.59494
0.59518
0.59563
0.59628
0.59652
0.59731
0.59778
0.59741
0.59761
0.59742
0.59714
0.59731
0.59662
0.59602
0.59565
0.5949
0.59461
0.59375
0.59312
0.59235
0.59116
0.59044
0.5891
0.58741
0.58628
0.58467
0.58272
0.58061
0.57808
0.57537
0.57293
0.57123
0.56944
0.5675
0.56587
0.56492
0.56375
0.56272
0.56139
0.55997
0.55835
0.55683
0.55545
0.55403
0.55282
0.55163
0.55052
0.5495
0.54863
0.54792
0.54733
0.54683
0.54652
0.54638
0.54626
0.54633
0.54659
0.54677
0.54696
0.5473
0.54765
0.54799
0.54837
0.54884
0.54922
0.54975
0.55029
0.55074
0.55127
0.55182
0.55236
0.55295
0.55353
0.55416
0.55468
0.55524
0.55565
0.55605
0.55642
0.55685
0.55727
0.55831
0.55963
0.56063
0.56159
0.56228
0.56277
0.56309
0.56401
0.56513
0.56593
0.5665
0.56671
0.56681
0.56657
0.56629
0.56584
0.56561
0.56619
0.56637
0.56646
0.56642
0.56597
0.56579
0.56634
0.5666
0.56667
0.56654
0.566
0.56542
0.56467
0.56417
0.56437
0.56437
0.56415
0.56383
0.56329
0.56272
0.56293
0.56304
0.56296
0.56269
0.56219
0.56156
0.56082
0.55991
0.55904
0.55806
0.55711
0.55614
0.55531
0.55453
0.55372
0.55306
0.55247
0.55209
0.55119
0.5497
0.54852
0.54756
0.54696
0.54623
0.54499
0.54425
0.54369
0.54344
0.54331
0.54278
0.54261
0.54217
0.54163
0.54161
0.54143
0.54108
0.54092
0.54056
0.5405
0.541
0.54098
0.54131
0.54177
0.54199
0.54279
0.54386
0.54548
0.54699
0.54827
0.54958
0.55032
0.55113
0.55204
0.55252
0.55327
0.55365
0.55406
0.55498
0.55534
0.55598
0.55703
0.55798
0.55872
0.55979
0.56112
0.56195
0.56276
0.56395
0.56524
0.56669
0.56854
0.57035
0.57222
0.57399
0.57571
0.57735
0.57894
0.58031
0.58161
0.58271
0.58361
0.58441
0.58498
0.58543
0.58559
0.58595
0.58697
0.58775
0.58831
0.5887
0.58947
0.59012
0.59051
0.59059
0.59077
0.59112
0.5912
0.5917
0.59187
0.59162
0.59166
0.5916
0.59102
0.59069
0.59038
0.58947
0.58844
0.58773
0.58677
0.58554
0.58405
0.58222
0.58008
0.57814
0.57665
0.57521
0.57374
0.57235
0.57162
0.57071
0.5697
0.56863
0.5675
0.56693
0.56637
0.56568
0.56484
0.56423
0.56389
0.56349
0.56294
0.56221
0.56129
0.56014
0.55898
0.55774
0.55653
0.55533
0.55418
0.55313
0.55228
0.55144
0.5508
0.55028
0.54983
0.54951
0.54925
0.54913
0.54852
0.54765
0.54697
0.54641
0.54616
0.54624
0.54641
0.54675
0.547
0.54727
0.5471
0.54702
0.54723
0.5475
0.54803
0.54875
0.54957
0.55055
0.55166
0.55276
0.55394
0.55447
0.5547
0.55491
0.55527
0.55572
0.5563
0.55691
0.5575
0.55829
0.55903
0.55981
0.56058
0.5613
0.56181
0.56181
0.56168
0.56138
0.56125
0.56126
0.56141
0.56173
0.56193
0.56237
0.56291
0.5634
0.56396
0.56451
0.56501
0.5654
0.56585
0.56622
0.56651
0.5668
0.56694
0.56711
0.56702
0.56747
0.56835
0.56913
0.56975
0.57014
0.5704
0.57045
0.57028
0.57003
0.5696
0.56919
0.56862
0.56795
0.56732
0.56655
0.56562
0.56486
0.56413
0.56341
0.56286
0.56304
0.5635
0.56379
0.56408
0.56411
0.56393
0.56369
0.56341
0.56308
0.56269
0.56216
0.56171
0.56112
0.56052
0.56015
0.55933
0.55837
0.5573
0.55619
0.55536
0.55482
0.55444
0.55426
0.55429
0.55448
0.55485
0.55519
0.55564
0.55615
0.55653
0.55639
0.55599
0.55579
0.55579
0.55584
0.55615
0.55642
0.55688
0.55744
0.55808
0.55897
0.5598
0.56069
0.5615
0.56234
0.56318
0.56394
0.56469
0.56539
0.566
0.56663
0.56715
0.56753
0.56785
0.56829
0.56856
0.56879
0.56909
0.56932
0.56947
0.56959
0.56976
0.56976
0.56978
0.5697
0.56952
0.56953
0.56953
0.56967
0.57033
0.57118
0.57188
0.57238
0.57262
0.57273
0.57258
0.57234
0.57196
0.57162
0.57108
0.57061
0.56997
0.56929
0.56869
0.56796
0.56739
0.56673
0.56617
0.56584
0.5655
0.56506
0.5646
0.56424
0.56382
0.56346
0.56315
0.56287
0.56263
0.56243
0.56225
0.56215
0.56203
0.56191
0.56188
0.5618
0.56171
0.56159
0.56158
0.56161
0.56157
0.5615
0.56155
0.56158
0.56152
0.56137
0.56116
0.56097
0.56088
0.56048
0.55978
0.55894
0.55819
0.55769
0.55736
0.55713
0.55712
0.55723
0.55745
0.55775
0.55815
0.55872
0.55922
0.55988
0.56039
0.5608
0.56123
0.56167
0.56207
0.56245
0.56282
0.56321
0.56351
0.5639
0.56412
0.56443
0.56468
0.56492
0.56514
0.5653
0.56557
0.56582
0.5662
0.56648
0.56664
0.56683
0.56687
0.56693
0.56694
0.56688
0.56674
0.56663
0.56645
0.5663
0.56624
0.56626
0.56626
0.5663
0.56622
0.56621
0.56613
0.56602
0.56586
0.56565
0.56549
0.56527
0.56508
0.56479
0.56467
0.56447
0.56435
0.56431
0.56419
0.56405
0.56396
0.56384
0.5637
0.56366
0.56366
0.5636
0.56357
0.56349
0.56348
0.56343
0.56346
0.56339
0.56338
0.56339
0.56346
0.56386
0.56464
0.56547
0.56628
0.56683
0.56704
0.56713
0.56712
0.56686
0.56662
0.56631
0.56583
0.56537
0.56494
0.56454
0.56417
0.56376
0.56342
0.5631
0.56277
0.56253
0.56221
0.562
0.56174
0.56145
0.56126
0.56114
0.56112
0.56103
0.56102
0.56109
0.56125
0.56155
0.56166
0.56173
0.5617
0.56161
0.5616
0.56151
0.56143
0.56137
0.56141
0.56144
0.56143
0.56144
0.56144
0.56139
0.56139
0.56142
0.56145
0.56151
0.56154
0.56157
0.5616
0.56179
0.56199
0.56233
0.56259
0.56285
0.56299
0.56312
0.56311
0.56269
0.56263
0.56271
0.56274
0.56286
0.56305
0.56308
0.56311
0.56306
0.56311
0.56309
0.56298
0.56285
0.56281
0.56273
0.56262
0.56255
0.56243
0.5624
0.5624
0.56239
0.56237
0.56245
0.56249
0.56254
0.56264
0.56268
0.56275
0.56281
0.56291
0.56293
0.56329
0.56383
0.56455
0.56534
0.56598
0.56658
0.56699
0.56731
0.56749
0.56751
0.56731
0.56698
0.56665
0.56616
0.56568
0.56523
0.56483
0.56439
0.56392
0.56349
0.56317
0.56284
0.56255
0.56228
0.56204
0.56178
0.56158
0.56149
0.56138
0.56123
0.56111
0.56105
0.56093
0.56092
0.56098
0.561
0.56105
0.56096
0.56052
0.55983
0.55898
0.55821
0.55745
0.55699
0.55655
0.5563
0.5561
0.55564
0.55518
0.55475
0.55458
0.55467
0.55501
0.55548
0.5562
0.55707
0.55796
0.55892
0.55991
0.56091
0.56183
0.56275
0.56357
0.56432
0.56486
0.56484
0.56464
0.56435
0.56411
0.56389
0.56379
0.56372
0.56369
0.56386
0.56414
0.56452
0.56493
0.56535
0.56584
0.5662
0.5666
0.56696
0.56737
0.56766
0.56788
0.56809
0.56861
0.56949
0.57041
0.57128
0.57202
0.57245
0.57277
0.57287
0.57298
0.5728
0.57249
0.57207
0.57153
0.57097
0.57028
0.56969
0.56914
0.56856
0.5679
0.56716
0.56674
0.56675
0.56688
0.56711
0.56736
0.56737
0.56727
0.56727
0.56706
0.56684
0.56654
0.56633
0.56632
0.56636
0.56655
0.56671
0.56679
0.56665
0.56645
0.56612
0.56573
0.56534
0.56492
0.56436
0.56379
0.56322
0.56264
0.56203
0.56136
0.5606
0.5599
0.55919
0.55865
0.55823
0.55783
0.55759
0.55748
0.55743
0.55746
0.55762
0.55779
0.55804
0.55822
0.55829
0.55783
0.5573
0.55675
0.55622
0.55586
0.55574
0.55563
0.5557
0.55605
0.55643
0.55695
0.55751
0.55812
0.55874
0.55942
0.56009
0.56074
0.5612
0.56141
0.56135
0.56103
0.561
0.5611
0.5614
0.56159
0.5618
0.56195
0.5621
0.5623
0.56261
0.56309
0.56367
0.56431
0.56492
0.56552
0.56597
0.56639
0.56668
0.56706
0.56755
0.56797
0.56861
0.56928
0.56984
0.57028
0.57055
0.57066
0.57065
0.57057
0.57045
0.57029
0.57004
0.56957
0.56908
0.56847
0.56781
0.56713
0.56638
0.56563
0.56494
0.56433
0.56373
0.56326
0.56283
0.56245
0.56214
0.56184
0.56155
0.56145
0.56119
0.56015
0.55904
0.55789
0.55685
0.55596
0.55537
0.55501
0.55483
0.55491
0.55523
0.55564
0.55628
0.55695
0.55767
0.5584
0.55913
0.5599
0.56064
0.56133
0.56193
0.56228
0.56247
0.56253
0.56262
0.56276
0.56282
0.56298
0.56303
0.56311
0.56318
0.56331
0.56337
0.56338
0.56334
0.56324
0.56322
0.56326
0.56333
0.56352
0.56368
0.56385
0.56403
0.56425
0.56442
0.56465
0.56483
0.565
0.56507
0.56509
0.56522
0.56569
0.56657
0.56734
0.56815
0.56882
0.56926
0.5696
0.56977
0.57008
0.57059
0.57106
0.57148
0.57177
0.57196
0.57208
0.57199
0.57179
0.5714
0.57083
0.57017
0.56936
0.56848
0.56765
0.56692
0.56652
0.56639
0.56614
0.56593
0.56576
0.56548
0.56502
0.5642
0.56322
0.56211
0.56101
0.56015
0.55941
0.55881
0.55828
0.55792
0.55766
0.55755
0.55753
0.55751
0.55772
0.55796
0.55818
0.55829
0.55786
0.55726
0.55668
0.5561
0.55551
0.5552
0.55491
0.55477
0.55463
0.55429
0.5538
0.55338
0.55318
0.55318
0.55349
0.55401
0.55468
0.55561
0.55648
0.55745
0.55846
0.55945
0.56052
0.56155
0.5625
0.56336
0.56418
0.56485
0.56546
0.56601
0.56642
0.56673
0.56709
0.56731
0.56753
0.56777
0.56798
0.56816
0.56827
0.56834
0.5684
0.56837
0.56834
0.56825
0.56806
0.56788
0.56774
0.56749
0.56728
0.56705
0.56683
0.56655
0.56625
0.566
0.56567
0.56545
0.56519
0.56499
0.56478
0.56447
0.56429
0.56407
0.56387
0.56371
0.56357
0.56344
0.56335
0.56332
0.56313
0.56305
0.56329
0.5639
0.56462
0.56535
0.56603
0.56656
0.56696
0.5672
0.56726
0.56719
0.56732
0.56778
0.56822
0.56866
0.56893
0.5688
0.56847
0.56785
0.56717
0.56642
0.56562
0.56482
0.56407
0.56334
0.56245
0.56163
0.56082
0.56016
0.55962
0.55923
0.55895
0.55879
0.55865
0.55865
0.55862
0.55863
0.55882
0.55893
0.55912
0.55917
0.55924
0.55925
0.55926
0.5593
0.55938
0.55952
0.55985
0.56023
0.56028
0.56017
0.55996
0.55975
0.55962
0.55958
0.55962
0.55978
0.55997
0.56023
0.56054
0.56094
0.56142
0.56185
0.56227
0.56281
0.56298
0.56289
0.56267
0.56244
0.56218
0.56188
0.56166
0.56149
0.56152
0.56176
0.56215
0.56262
0.56309
0.56363
0.56418
0.56463
0.56498
0.5653
0.56556
0.56576
0.56587
0.566
0.566
0.566
0.5659
0.56584
0.56583
0.56571
0.56556
0.56543
0.5653
0.56511
0.565
0.56485
0.56479
0.56471
0.56467
0.56462
0.56462
0.56454
0.56457
0.56451
0.56446
0.56444
0.56441
0.56436
0.56425
0.56422
0.5642
0.56411
0.56397
0.5639
0.56381
0.56372
0.56368
0.56353
0.56341
0.56336
0.56328
0.56318
0.56309
0.56304
0.56299
0.563
0.56306
0.56303
0.56297
0.56287
0.56277
0.56267
0.56243
0.56215
0.56189
0.56167
0.56143
0.56134
0.56127
0.56126
0.56138
0.56142
0.56133
0.56117
0.56108
0.56095
0.56091
0.5609
0.56121
0.56198
0.56284
0.56387
0.56479
0.56555
0.5662
0.56666
0.56687
0.567
0.56692
0.56673
0.56647
0.56648
0.56641
0.56626
0.56624
0.56646
0.56688
0.56727
0.56763
0.5679
0.56795
0.56771
0.56749
0.56709
0.56664
0.56618
0.56564
0.56509
0.56465
0.56442
0.56433
0.5643
0.56431
0.56427
0.56421
0.56418
0.56402
0.56389
0.56368
0.5634
0.56309
0.56281
0.56252
0.56225
0.56198
0.5619
0.56208
0.5623
0.56243
0.56255
0.56267
0.56269
0.56269
0.56258
0.56247
0.56238
0.56223
0.56212
0.56201
0.56184
0.56166
0.56155
0.56131
0.56114
0.56104
0.56102
0.56089
0.56071
0.56047
0.56022
0.56017
0.55971
0.55925
0.55892
0.55879
0.55894
0.55917
0.55927
0.55921
0.55949
0.55979
0.55994
0.5599
0.55981
0.55959
0.55944
0.55931
0.55924
0.55927
0.55944
0.55962
0.55988
0.56014
0.56044
0.56087
0.5612
0.56163
0.56197
0.5623
0.56234
0.56201
0.56154
0.56104
0.56061
0.56025
0.56011
0.56001
0.56005
0.56022
0.56048
0.56086
0.56131
0.56176
0.56228
0.56272
0.56316
0.5635
0.56379
0.56413
0.56439
0.56473
0.56493
0.56521
0.56538
0.56561
0.56578
0.56585
0.56589
0.56591
0.56589
0.56587
0.56572
0.56552
0.56524
0.56491
0.56466
0.56439
0.56427
0.56418
0.56409
0.56403
0.56399
0.56405
0.5642
0.56437
0.56445
0.56467
0.56477
0.56484
0.56479
0.56465
0.56461
0.56447
0.56442
0.56435
0.56433
0.56433
0.56438
0.5644
0.56449
0.56461
0.56472
0.56496
0.56525
0.56559
0.56585
0.56612
0.56632
0.56649
0.56661
0.56664
0.56676
0.56669
0.56663
0.56656
0.56647
0.56625
0.56611
0.56604
0.56594
0.56585
0.56584
0.56587
0.5658
0.56566
0.5656
0.56554
0.56544
0.56535
0.56531
0.56526
0.56515
0.56498
0.56483
0.56462
0.56442
0.56426
0.56412
0.56398
0.56378
0.56364
0.56358
0.56354
0.5635
0.56354
0.56367
0.56372
0.56384
0.56411
0.56456
0.56528
0.56602
0.56658
0.56695
0.56722
0.56751
0.56769
0.56826
0.56886
0.56927
0.56968
0.56991
0.56992
0.56971
0.56938
0.56885
0.56816
0.56748
0.56703
0.56682
0.56674
0.56655
0.56645
0.5663
0.56624
0.56603
0.56577
0.56578
0.56595
0.56611
0.56619
0.56613
0.5659
0.56555
0.56506
0.56447
0.56376
0.56297
0.56216
0.56124
0.56035
0.55946
0.55861
0.5579
0.55725
0.5567
0.55617
0.55574
0.55545
0.55515
0.55497
0.55486
0.55484
0.55486
0.55489
0.55498
0.55495
0.55499
0.55508
0.55512
0.55521
0.55512
0.55472
0.55427
0.55382
0.55343
0.55317
0.55314
0.55313
0.5529
0.55262
0.5524
0.55233
0.55242
0.55271
0.5531
0.5534
0.55357
0.5537
0.55394
0.55408
0.55409
0.55406
0.55412
0.55429
0.5548
0.55549
0.55636
0.5573
0.55843
0.55974
0.56087
0.56165
0.56218
0.56258
0.56296
0.56336
0.56386
0.56422
0.56426
0.56411
0.56405
0.56407
0.56422
0.56448
0.56492
0.56545
0.56606
0.56661
0.56687
0.56693
0.56682
0.56679
0.56674
0.56683
0.56697
0.56718
0.56742
0.5678
0.56826
0.56864
0.56913
0.56953
0.56998
0.57044
0.57077
0.57121
0.57191
0.57281
0.57376
0.57464
0.57531
0.57553
0.57553
0.57534
0.57494
0.57448
0.57414
0.57411
0.5742
0.57418
0.57395
0.57366
0.57317
0.57255
0.57198
0.57145
0.5713
0.57121
0.57123
0.57115
0.57094
0.57043
0.56978
0.56904
0.56821
0.56745
0.56667
0.56593
0.56516
0.56447
0.56403
0.56379
0.56377
0.56372
0.56382
0.56383
0.56385
0.56401
0.56445
0.56495
0.56546
0.56601
0.56625
0.56637
0.56637
0.56617
0.5659
0.56548
0.56483
0.56435
0.56418
0.56417
0.56432
0.56442
0.56447
0.5644
0.56423
0.564
0.56355
0.56309
0.56265
0.56204
0.56162
0.56157
0.56191
0.56241
0.56303
0.56351
0.56391
0.56408
0.56411
0.56417
0.56407
0.56393
0.56362
0.56332
0.56292
0.56232
0.56184
0.56142
0.56082
0.56005
0.5591
0.55823
0.55752
0.5569
0.55646
0.55619
0.55601
0.55586
0.55586
0.55595
0.55598
0.55615
0.55655
0.55687
0.55683
0.55673
0.55652
0.55624
0.55619
0.55622
0.55651
0.55682
0.55734
0.55787
0.55842
0.55898
0.5595
0.56002
0.56045
0.56101
0.56158
0.56217
0.56272
0.56323
0.56348
0.56327
0.5628
0.56228
0.5615
0.56095
0.56034
0.55994
0.55954
0.55947
0.55928
0.55888
0.55838
0.55764
0.55709
0.55662
0.55629
0.55613
0.55604
0.55619
0.55648
0.55699
0.55756
0.55819
0.55875
0.55933
0.5599
0.56037
0.56049
0.56034
0.56014
0.55993
0.5597
0.55957
0.55951
0.55942
0.55908
0.5587
0.55842
0.55817
0.55818
0.55834
0.5588
0.55947
0.56031
0.56135
0.56239
0.56334
0.5641
0.56486
0.56549
0.56601
0.56667
0.56727
0.56781
0.56821
0.56866
0.56933
0.57018
0.57114
0.572
0.57278
0.57341
0.57392
0.57437
0.57497
0.5756
0.57611
0.57637
0.57644
0.57624
0.57587
0.57537
0.57478
0.57404
0.57345
0.57317
0.57299
0.57296
0.57284
0.5726
0.57256
0.57266
0.57284
0.57289
0.57275
0.57249
0.57214
0.57213
0.57217
0.57219
0.57208
0.57177
0.57131
0.57078
0.5705
0.57033
0.57029
0.57028
0.57021
0.57006
0.56975
0.56934
0.56869
0.56787
0.56694
0.56593
0.56484
0.56364
0.56246
0.56135
0.56026
0.55941
0.55868
0.55821
0.55781
0.55717
0.55636
0.55547
0.5547
0.55394
0.55327
0.55287
0.55246
0.55187
0.55128
0.55063
0.55006
0.5497
0.54969
0.54987
0.55022
0.55045
0.5506
0.55085
0.55117
0.55174
0.55242
0.55295
0.55323
0.55346
0.55368
0.55399
0.55445
0.55513
0.55607
0.55707
0.55812
0.55921
0.56031
0.56127
0.56229
0.56314
0.56386
0.56448
0.56465
0.56446
0.56408
0.56358
0.56313
0.56281
0.56264
0.56278
0.56314
0.5636
0.56421
0.56482
0.56535
0.56587
0.56646
0.56709
0.56768
0.5682
0.56863
0.56896
0.56929
0.56946
0.56952
0.56954
0.56946
0.56935
0.56905
0.56868
0.56822
0.5678
0.56737
0.567
0.56666
0.56624
0.56584
0.5654
0.56517
0.56523
0.56555
0.56594
0.56641
0.56678
0.56705
0.56707
0.56699
0.56674
0.56626
0.5657
0.56506
0.56444
0.56389
0.56359
0.56378
0.56413
0.56453
0.56491
0.56517
0.56534
0.56543
0.56562
0.5659
0.56619
0.56638
0.56659
0.56663
0.56658
0.56631
0.56589
0.56567
0.56572
0.56593
0.56616
0.56624
0.56617
0.5659
0.56562
0.56532
0.56538
0.56562
0.56602
0.56634
0.56661
0.56666
0.56663
0.56647
0.56614
0.56574
0.56517
0.56462
0.56399
0.56346
0.56288
0.56233
0.5619
0.56165
0.56157
0.56139
0.56087
0.56027
0.55952
0.55871
0.55814
0.5577
0.5575
0.55745
0.55753
0.55768
0.55777
0.55753
0.55715
0.55681
0.55655
0.55646
0.55657
0.55685
0.55723
0.55758
0.55779
0.55786
0.55792
0.55794
0.55802
0.55821
0.55833
0.55828
0.55805
0.55776
0.55741
0.55728
0.55724
0.55738
0.55771
0.55813
0.55877
0.5596
0.56047
0.56144
0.56242
0.5633
0.56413
0.56499
0.56566
0.56631
0.56682
0.56719
0.56749
0.56763
0.56774
0.56789
0.56789
0.56794
0.568
0.56791
0.56791
0.56779
0.5676
0.56744
0.56726
0.56703
0.56675
0.56649
0.56625
0.56594
0.56569
0.56545
0.56522
0.565
0.56478
0.56456
0.56428
0.56386
0.56338
0.56287
0.56244
0.56209
0.56179
0.56164
0.56145
0.56141
0.56135
0.56141
0.56148
0.56166
0.56188
0.56211
0.56219
0.56226
0.5622
0.56211
0.562
0.562
0.56204
0.56193
0.56179
0.56155
0.56133
0.56123
0.56118
0.56125
0.56133
0.56155
0.56177
0.56187
0.56193
0.56206
0.56219
0.5624
0.56253
0.56271
0.5629
0.56306
0.56319
0.56329
0.56351
0.56359
0.56387
0.56414
0.56439
0.56471
0.56504
0.56534
0.56566
0.566
0.56626
0.56657
0.56685
0.56726
0.56807
0.56899
0.57001
0.57109
0.5721
0.57294
0.57361
0.57427
0.57501
0.57571
0.57623
0.57646
0.57652
0.57627
0.5758
0.57531
0.57464
0.57407
0.57375
0.57351
0.57325
0.5729
0.5723
0.57173
0.57113
0.57047
0.56967
0.56873
0.56769
0.56674
0.56598
0.56553
0.56508
0.56471
0.56444
0.56419
0.56388
0.56355
0.56298
0.56197
0.56074
0.55933
0.55785
0.5564
0.55511
0.55403
0.55312
0.55243
0.55204
0.55184
0.55177
0.55182
0.55191
0.5522
0.55225
0.55211
0.55177
0.55141
0.55119
0.55105
0.55106
0.55129
0.55162
0.55213
0.55273
0.55353
0.55433
0.5549
0.55514
0.55514
0.55516
0.55525
0.55539
0.5557
0.55605
0.55649
0.55695
0.55739
0.5576
0.55762
0.55754
0.55753
0.55756
0.55778
0.55815
0.55862
0.55914
0.55979
0.56059
0.56138
0.56225
0.56305
0.56378
0.56453
0.56517
0.56569
0.56625
0.56671
0.56709
0.56738
0.56757
0.56765
0.56766
0.56774
0.56779
0.56788
0.56786
0.56784
0.56775
0.56764
0.56753
0.56737
0.56732
0.56721
0.56713
0.56704
0.56697
0.5669
0.56677
0.56664
0.5665
0.5664
0.56627
0.56625
0.56618
0.56622
0.56619
0.56617
0.56619
0.56617
0.56621
0.56597
0.56531
0.56443
0.56341
0.56239
0.56159
0.56103
0.56055
0.55994
0.55918
0.55844
0.55767
0.55722
0.55701
0.55698
0.55725
0.55771
0.55852
0.55939
0.56038
0.56129
0.56204
0.56283
0.56349
0.5642
0.56488
0.56558
0.56625
0.56723
0.56852
0.56986
0.57112
0.57224
0.57302
0.57386
0.5748
0.57563
0.57628
0.57666
0.57672
0.57646
0.57615
0.57577
0.57541
0.57536
0.57532
0.57526
0.57528
0.57547
0.57562
0.57576
0.5757
0.57537
0.57486
0.57449
0.57404
0.57368
0.5733
0.57286
0.5727
0.57253
0.57229
0.57195
0.57133
0.5705
0.56945
0.5682
0.56676
0.56526
0.56387
0.56298
0.56239
0.56203
0.5618
0.56148
0.561
0.56052
0.55994
0.55921
0.55842
0.55769
0.55664
0.55544
0.55449
0.55329
0.55226
0.55124
0.55037
0.54967
0.54917
0.54891
0.54883
0.5489
0.54913
0.54946
0.54996
0.55024
0.55029
0.55027
0.55012
0.54991
0.54987
0.55002
0.55019
0.55009
0.54997
0.5499
0.54987
0.55008
0.55047
0.55103
0.55171
0.55252
0.55313
0.55355
0.55396
0.55437
0.55489
0.55553
0.55619
0.55698
0.55788
0.55876
0.55935
0.55962
0.55993
0.56016
0.56044
0.56083
0.56125
0.56181
0.56251
0.56322
0.5641
0.56509
0.56611
0.56711
0.56808
0.56898
0.56971
0.57034
0.57106
0.5716
0.57188
0.57182
0.57132
0.5706
0.56976
0.56898
0.56817
0.56755
0.56707
0.56668
0.56637
0.56616
0.56606
0.56597
0.56605
0.56615
0.5663
0.56645
0.56657
0.56654
0.56639
0.56615
0.56595
0.56581
0.56558
0.5653
0.56498
0.56465
0.56427
0.56404
0.56388
0.56388
0.56396
0.56413
0.56423
0.56426
0.56437
0.56439
0.5643
0.56411
0.56393
0.56367
0.56352
0.56342
0.56331
0.56314
0.56301
0.56302
0.56314
0.56329
0.5634
0.56382
0.56459
0.56547
0.56644
0.56729
0.56801
0.56872
0.5692
0.56942
0.56954
0.5693
0.56902
0.56855
0.56807
0.56764
0.56709
0.56668
0.56629
0.56599
0.56567
0.56553
0.56561
0.56575
0.56616
0.5669
0.56786
0.56883
0.56959
0.57024
0.57062
0.57086
0.57098
0.57133
0.57158
0.57174
0.57173
0.57164
0.57137
0.57107
0.57064
0.57008
0.56953
0.56934
0.56922
0.56924
0.56921
0.56912
0.56884
0.5684
0.56777
0.56703
0.56625
0.56542
0.56494
0.56457
0.56442
0.5644
0.56431
0.56422
0.56398
0.56359
0.56313
0.56264
0.5622
0.56182
0.56131
0.56078
0.56017
0.5595
0.55889
0.55831
0.5577
0.55715
0.55674
0.55639
0.55607
0.55578
0.5556
0.55537
0.55497
0.5544
0.55373
0.5531
0.55255
0.55232
0.55238
0.55258
0.55295
0.55333
0.55352
0.55342
0.55326
0.553
0.55284
0.55284
0.55294
0.5531
0.553
0.55286
0.55273
0.55268
0.55267
0.55285
0.55315
0.55325
0.55321
0.55331
0.55337
0.55359
0.55405
0.55465
0.55549
0.55636
0.55739
0.55855
0.5598
0.56098
0.56215
0.56325
0.56416
0.56506
0.56581
0.56643
0.56695
0.56744
0.56793
0.56825
0.56848
0.5685
0.56847
0.56822
0.5676
0.56683
0.56601
0.56503
0.56411
0.56338
0.56286
0.56259
0.56251
0.56262
0.56287
0.56324
0.56369
0.56424
0.5648
0.56537
0.56591
0.56647
0.56693
0.56741
0.56775
0.56809
0.56831
0.56863
0.56893
0.56907
0.56907
0.56894
0.56871
0.56847
0.5683
0.56808
0.56787
0.56767
0.56736
0.56715
0.56705
0.56726
0.56765
0.56826
0.56885
0.56935
0.56978
0.57004
0.57004
0.56982
0.56956
0.56905
0.56863
0.5681
0.56759
0.56709
0.56664
0.56616
0.56581
0.56537
0.56493
0.56457
0.56425
0.56385
0.5638
0.56421
0.5646
0.56527
0.56589
0.56646
0.56691
0.56727
0.56746
0.56774
0.56819
0.56867
0.56919
0.5696
0.56969
0.56965
0.56945
0.56906
0.5686
0.56803
0.56732
0.56669
0.56605
0.56549
0.56511
0.56493
0.56511
0.56546
0.56584
0.5662
0.56641
0.56653
0.56668
0.56666
0.56654
0.56634
0.56594
0.56542
0.56474
0.5641
0.56354
0.56299
0.56243
0.5619
0.56134
0.56082
0.56034
0.56007
0.55978
0.5596
0.55935
0.5591
0.55888
0.55856
0.55839
0.55814
0.55792
0.55774
0.55758
0.55741
0.55711
0.55651
0.55569
0.55485
0.55403
0.55344
0.55296
0.55271
0.55262
0.55254
0.55235
0.55207
0.55189
0.55197
0.55228
0.55278
0.55338
0.55362
0.55371
0.5538
0.55391
0.5542
0.55453
0.55505
0.55568
0.55635
0.55713
0.5581
0.55911
0.56006
0.56109
0.56202
0.56291
0.56374
0.56452
0.56498
0.56498
0.56481
0.56448
0.56415
0.56394
0.5638
0.5637
0.56377
0.56392
0.56408
0.56443
0.56474
0.56501
0.56518
0.56528
0.56538
0.56548
0.56593
0.56666
0.56754
0.5685
0.56937
0.56997
0.57053
0.57093
0.57122
0.57131
0.57125
0.57109
0.57079
0.57042
0.57001
0.56946
0.569
0.5685
0.56791
0.56743
0.56681
0.5661
0.5654
0.56474
0.5641
0.56358
0.56336
0.5636
0.56414
0.56478
0.56534
0.56571
0.56593
0.56605
0.56604
0.566
0.56589
0.56571
0.56544
0.56521
0.56495
0.56463
0.56442
0.56423
0.56421
0.56412
0.56391
0.56359
0.56324
0.56287
0.56256
0.56225
0.56197
0.56179
0.5617
0.56167
0.56167
0.56172
0.56178
0.56189
0.56208
0.56235
0.56254
0.56244
0.56194
0.56129
0.56063
0.56009
0.55973
0.55945
0.55935
0.55935
0.55948
0.55965
0.55999
0.56034
0.56079
0.56125
0.5617
0.56213
0.56257
0.56308
0.56365
0.56423
0.56475
0.56528
0.56571
0.56606
0.56631
0.56642
0.56665
0.56692
0.56713
0.56734
0.56757
0.56764
0.56768
0.56763
0.56771
0.56778
0.56777
0.56774
0.56759
0.56737
0.56712
0.56677
0.56633
0.56586
0.56536
0.56494
0.56454
0.56456
0.56479
0.56516
0.56561
0.56599
0.56649
0.56683
0.56717
0.56732
0.56737
0.56713
0.56673
0.56625
0.56562
0.56494
0.56425
0.56351
0.5628
0.56213
0.56149
0.56112
0.5611
0.56117
0.56133
0.56145
0.56144
0.56136
0.56126
0.56106
0.56088
0.56066
0.56042
0.56018
0.56002
0.55981
0.55965
0.55952
0.5594
0.55934
0.55936
0.55931
0.55927
0.55933
0.55933
0.55935
0.55938
0.55941
0.55935
0.55934
0.55921
0.5591
0.55889
0.55868
0.55852
0.55828
0.55819
0.55809
0.5582
0.55835
0.55857
0.55884
0.55921
0.55961
0.56003
0.56047
0.56071
0.56052
0.5602
0.5598
0.55933
0.55899
0.5588
0.55865
0.55875
0.55904
0.55942
0.55991
0.56049
0.56102
0.56139
0.56152
0.56152
0.56139
0.56125
0.56112
0.56114
0.56148
0.56187
0.56242
0.56306
0.56381
0.56447
0.56516
0.56577
0.56641
0.56689
0.56724
0.5675
0.56771
0.56782
0.56783
0.56785
0.5678
0.56777
0.56771
0.56772
0.56769
0.56764
0.56758
0.56752
0.5674
0.56728
0.56725
0.56714
0.56709
0.56703
0.56702
0.56688
0.56679
0.56661
0.56653
0.56641
0.56631
0.56616
0.56598
0.5658
0.56569
0.56552
0.56521
0.56495
0.56471
0.56449
0.56424
0.56393
0.56359
0.56306
0.56253
0.56213
0.56189
0.56157
0.56152
0.5615
0.56156
0.56158
0.56161
0.56175
0.56193
0.56206
0.56218
0.56237
0.56245
0.56249
0.56259
0.56254
0.56246
0.56226
0.562
0.56163
0.56134
0.56112
0.56099
0.56099
0.56095
0.56105
0.56122
0.56144
0.56176
0.56204
0.56233
0.56267
0.56297
0.56327
0.56358
0.56382
0.56414
0.56484
0.56562
0.56655
0.56733
0.56799
0.56851
0.5689
0.56912
0.56945
0.56983
0.57011
0.57038
0.57041
0.57032
0.57007
0.56972
0.56925
0.56867
0.56805
0.56732
0.56659
0.56594
0.56519
0.56462
0.56432
0.56434
0.56474
0.56531
0.56598
0.56643
0.56671
0.56675
0.56663
0.56647
0.56613
0.56564
0.56501
0.5645
0.56391
0.56346
0.56304
0.56269
0.56237
0.56205
0.56182
0.56155
0.56137
0.56119
0.56097
0.56072
0.56023
0.55957
0.5586
0.55759
0.55663
0.55577
0.55509
0.55461
0.55424
0.55422
0.55429
0.55451
0.55492
0.55545
0.55596
0.55609
0.55608
0.55593
0.55577
0.55569
0.55576
0.55578
0.55556
0.55531
0.55499
0.55474
0.55487
0.55511
0.55558
0.55619
0.55696
0.55785
0.55874
0.5597
0.56066
0.56157
0.56252
0.56327
0.56404
0.56484
0.56546
0.56594
0.5664
0.56674
0.5669
0.56661
0.56608
0.5656
0.56503
0.56443
0.56405
0.56388
0.56415
0.5648
0.56554
0.56649
0.56737
0.56813
0.56885
0.56941
0.56976
0.56994
0.56996
0.56985
0.56959
0.56925
0.56882
0.56831
0.56783
0.56734
0.56689
0.56646
0.566
0.56562
0.56531
0.56505
0.56484
0.56464
0.56452
0.56441
0.56428
0.56431
0.56462
0.56509
0.56554
0.56601
0.56634
0.56651
0.56674
0.5667
0.56666
0.56633
0.56582
0.5653
0.56457
0.56395
0.56378
0.56396
0.56406
0.56423
0.5646
0.56491
0.56525
0.56556
0.56572
0.5658
0.56576
0.56572
0.56551
0.5652
0.56474
0.56421
0.56364
0.56311
0.56269
0.56232
0.562
0.56172
0.5612
0.56041
0.55964
0.55912
0.55861
0.55818
0.55786
0.55766
0.55757
0.55773
0.55798
0.55833
0.55878
0.5592
0.55978
0.56036
0.56102
0.56177
0.56256
0.56331
0.564
0.56462
0.56502
0.56521
0.56507
0.56473
0.56413
0.56353
0.56285
0.56232
0.56199
0.56187
0.56196
0.56221
0.5625
0.56284
0.56326
0.5639
0.56459
0.56522
0.56584
0.56636
0.56672
0.56698
0.56716
0.56721
0.56717
0.56713
0.56697
0.56683
0.56659
0.56634
0.56604
0.56569
0.56542
0.56512
0.56477
0.5644
0.56413
0.56379
0.56369
0.56378
0.56382
0.56398
0.56412
0.56422
0.56433
0.56418
0.56389
0.56355
0.56313
0.56274
0.5624
0.56214
0.56188
0.56175
0.56164
0.56155
0.56153
0.56144
0.56141
0.56144
0.56149
0.56156
0.56165
0.56172
0.56189
0.56201
0.56219
0.56227
0.56246
0.56304
0.56389
0.56479
0.56565
0.5664
0.56697
0.56718
0.56715
0.56677
0.56625
0.56563
0.56484
0.5642
0.56352
0.56298
0.56248
0.56196
0.56152
0.56116
0.56088
0.56062
0.56063
0.56054
0.56056
0.56064
0.56097
0.5616
0.56219
0.56258
0.56301
0.56354
0.564
0.5645
0.56479
0.56504
0.56513
0.56512
0.56505
0.56493
0.56474
0.56449
0.56424
0.56408
0.56406
0.56405
0.56406
0.56409
0.56411
0.5639
0.5636
0.56335
0.56293
0.56229
0.56168
0.56099
0.56038
0.55984
0.55954
0.55933
0.55932
0.55945
0.55971
0.55999
0.56035
0.56079
0.56128
0.56186
0.56244
0.56297
0.56355
0.56407
0.56439
0.56429
0.56397
0.56356
0.56304
0.56256
0.56214
0.56182
0.56161
0.5616
0.5617
0.56188
0.56209
0.56228
0.56261
0.5629
0.56321
0.56341
0.56365
0.56376
0.56389
0.56403
0.56411
0.56412
0.56425
0.56433
0.56442
0.56454
0.56455
0.56455
0.5645
0.56449
0.56445
0.56456
0.56464
0.56473
0.5648
0.56477
0.5648
0.56468
0.5646
0.56449
0.5643
0.56414
0.56392
0.5638
0.56367
0.5636
0.56351
0.56349
0.56345
0.56329
0.56326
0.56325
0.56321
0.56321
0.56321
0.56319
0.56321
0.56321
0.56328
0.56324
0.56316
0.56296
0.56265
0.56235
0.56214
0.56212
0.56254
0.56305
0.56371
0.56427
0.56477
0.56526
0.56562
0.56586
0.56603
0.56605
0.56595
0.56572
0.56553
0.56529
0.56497
0.56449
0.56402
0.56357
0.5631
0.56276
0.56277
0.56299
0.5635
0.56398
0.56443
0.56486
0.56516
0.56524
0.56528
0.56523
0.56502
0.56482
0.56458
0.56438
0.56408
0.56383
0.56356
0.56336
0.56321
0.56303
0.56293
0.56284
0.56291
0.56304
0.56319
0.56323
0.56348
0.56367
0.56375
0.56387
0.5639
0.56371
0.56315
0.56243
0.56158
0.56092
0.56033
0.55985
0.55946
0.5593
0.55925
0.55928
0.55945
0.55968
0.56005
0.56037
0.56089
0.56154
0.56216
0.56285
0.56329
0.56336
0.5631
0.56276
0.5623
0.56193
0.56161
0.56134
0.56118
0.56115
0.56117
0.56124
0.56139
0.5616
0.56185
0.56207
0.56243
0.56267
0.56293
0.56322
0.56344
0.56363
0.56379
0.56392
0.56404
0.56419
0.56436
0.56445
0.56454
0.56464
0.56474
0.56484
0.56484
0.56488
0.56484
0.56487
0.56477
0.56478
0.56467
0.56457
0.56452
0.5644
0.56439
0.56435
0.56429
0.56419
0.56406
0.56399
0.56389
0.56389
0.56384
0.56385
0.56386
0.56387
0.56394
0.56397
0.56391
0.5639
0.5638
0.56367
0.56346
0.56331
0.56309
0.5628
0.56249
0.56232
0.56251
0.56289
0.56343
0.56394
0.56451
0.56498
0.56535
0.56556
0.5658
0.56585
0.56584
0.56575
0.56549
0.56529
0.56498
0.56471
0.56445
0.56393
0.56338
0.56291
0.56254
0.56244
0.56247
0.56265
0.56311
0.56356
0.56403
0.56444
0.56471
0.56498
0.5651
0.56515
0.5651
0.56505
0.56487
0.56475
0.56458
0.56439
0.56419
0.56398
0.56384
0.56367
0.56349
0.56345
0.56337
0.56296
0.56243
0.5617
0.56102
0.56058
0.56023
0.56013
0.56011
0.56021
0.5603
0.56047
0.56071
0.56097
0.56125
0.56157
0.56193
0.56234
0.56257
0.56256
0.5623
0.56192
0.5614
0.56104
0.56088
0.56092
0.56114
0.5614
0.56183
0.56229
0.5627
0.56307
0.56343
0.56378
0.56405
0.56425
0.56446
0.56459
0.56474
0.56474
0.56479
0.56479
0.56477
0.56477
0.56471
0.56465
0.56455
0.56446
0.56434
0.56432
0.5643
0.5643
0.56434
0.56429
0.56426
0.56423
0.56414
0.56417
0.56415
0.56411
0.56408
0.56407
0.56402
0.56405
0.56401
0.56399
0.56396
0.56392
0.56384
0.56385
0.56383
0.56382
0.56382
0.56378
0.56379
0.56371
0.56367
0.56368
0.56364
0.5637
0.56404
0.56454
0.5651
0.56576
0.56631
0.56668
0.56699
0.56707
0.56691
0.56652
0.566
0.56542
0.56463
0.56391
0.56325
0.5627
0.56224
0.56186
0.56158
0.56139
0.56161
0.56214
0.56281
0.56355
0.56429
0.56488
0.56525
0.56545
0.5656
0.56548
0.56516
0.56472
0.56422
0.56363
0.56295
0.56234
0.56183
0.56131
0.56096
0.56076
0.56055
0.56043
0.56044
0.56045
0.56059
0.5607
0.56087
0.561
0.56124
0.56154
0.56182
0.56209
0.56234
0.56261
0.56294
0.56322
0.56321
0.56304
0.56275
0.56249
0.56229
0.56212
0.56198
0.56191
0.56192
0.56193
0.56205
0.56216
0.56228
0.56248
0.56262
0.56287
0.56319
0.56367
0.56423
0.56478
0.56512
0.56512
0.56495
0.56457
0.56412
0.56371
0.56332
0.56301
0.56274
0.56255
0.56244
0.56241
0.56248
0.56255
0.56264
0.56281
0.5631
0.56328
0.56342
0.56357
0.56378
0.56394
0.56409
0.5642
0.56437
0.56447
0.56448
0.56455
0.56458
0.56467
0.56469
0.56477
0.56481
0.56477
0.56483
0.5648
0.5648
0.56471
0.56465
0.56457
0.56448
0.56444
0.56434
0.56429
0.56426
0.56424
0.56419
0.56415
0.56411
0.5641
0.56409
0.56405
0.56407
0.56401
0.56402
0.56398
0.56392
0.56378
0.56352
0.56324
0.56291
0.5626
0.56233
0.56214
0.56197
0.56181
0.56172
0.56162
0.56156
0.56161
0.56169
0.56174
0.56206
0.56241
0.56303
0.56392
0.56479
0.56559
0.56617
0.56662
0.56681
0.5669
0.56685
0.56676
0.56651
0.56623
0.56593
0.56546
0.56505
0.56464
0.5643
0.56396
0.56367
0.56339
0.56313
0.56303
0.56288
0.56303
0.56336
0.56379
0.56444
0.56514
0.56579
0.56638
0.56681
0.56707
0.56728
0.56737
0.56736
0.56721
0.56699
0.56668
0.56651
0.5664
0.56637
0.56642
0.56643
0.56631
0.56619
0.56597
0.56572
0.56544
0.56505
0.56464
0.56431
0.56389
0.5635
0.56311
0.56277
0.56246
0.56208
0.56143
0.56077
0.55996
0.55946
0.55912
0.55901
0.55902
0.55911
0.55924
0.55947
0.55964
0.55988
0.56023
0.56046
0.56071
0.56091
0.56082
0.56038
0.55993
0.55938
0.55892
0.55862
0.55839
0.55832
0.55836
0.5586
0.55892
0.55926
0.55971
0.56012
0.56057
0.56101
0.56149
0.56194
0.56242
0.56276
0.56318
0.56348
0.5638
0.56405
0.56431
0.56452
0.56467
0.56481
0.56498
0.56515
0.56515
0.56522
0.56531
0.56534
0.56537
0.56537
0.56535
0.56538
0.56537
0.5653
0.56522
0.56515
0.56512
0.56503
0.56491
0.56473
0.56457
0.56444
0.56427
0.56415
0.56404
0.56396
0.5639
0.56381
0.56373
0.56368
0.56366
0.56366
0.5637
0.564
0.56448
0.56494
0.56538
0.56576
0.56602
0.56612
0.5662
0.56613
0.56599
0.56576
0.56566
0.56576
0.56609
0.56654
0.56698
0.56728
0.56753
0.5677
0.56774
0.56768
0.56754
0.56723
0.5669
0.56645
0.56584
0.56521
0.56444
0.56365
0.56299
0.56229
0.56171
0.56127
0.56086
0.56054
0.56031
0.56017
0.56008
0.56009
0.56014
0.56034
0.56058
0.5609
0.56128
0.56173
0.56206
0.5624
0.56264
0.56281
0.56293
0.56272
0.56231
0.56169
0.56114
0.56061
0.56017
0.55983
0.55969
0.55985
0.56011
0.56065
0.56105
0.56121
0.56129
0.56121
0.56113
0.56109
0.56112
0.56126
0.56139
0.56155
0.56171
0.56202
0.56235
0.56272
0.56333
0.56391
0.5645
0.565
0.56545
0.5658
0.56619
0.56645
0.56659
0.5667
0.5667
0.5667
0.56662
0.56654
0.56646
0.56631
0.56609
0.56594
0.56578
0.56563
0.56542
0.56528
0.56516
0.56496
0.56493
0.56484
0.56478
0.56467
0.56454
0.56442
0.56428
0.56418
0.56404
0.56391
0.5638
0.56369
0.56358
0.56347
0.56346
0.56339
0.56334
0.56355
0.56411
0.5647
0.56536
0.566
0.56651
0.56692
0.56721
0.56736
0.5674
0.56727
0.56701
0.56679
0.56641
0.56614
0.56616
0.56631
0.5664
0.5664
0.56612
0.56579
0.56533
0.56479
0.56417
0.56351
0.56289
0.56237
0.56193
0.56153
0.56105
0.56026
0.55916
0.55805
0.55699
0.55614
0.55552
0.555
0.55476
0.55477
0.55494
0.55533
0.55581
0.55638
0.55704
0.55772
0.55837
0.55901
0.55963
0.56026
0.56087
0.56148
0.56198
0.56253
0.56307
0.56356
0.56397
0.56437
0.56471
0.5651
0.56538
0.56571
0.56596
0.56615
0.56628
0.56636
0.56646
0.56649
0.56658
0.56684
0.56701
0.56729
0.56749
0.56753
0.56764
0.56763
0.56767
0.56758
0.56754
0.56754
0.56763
